1303
0
0
0
3697
0
336
20245.359997610474
29382.719984921267
57856
2185
1340.9999670410152
4305.60009765625
0
0
0
0
0
0
0
367.200014007569
1486.2399757476785
220.47997552795312
0
1723
0
736
2176.5600830291783
420.03988126525314
900.2799429809545
0
0
0
0
11219.519992199706
1954
144.0000054931644
3445
171.36000653686548
0
0
0
0
258.03997135314853
0
0
224.64000856933626
1406.6799366638147
1709.7999866790765
6847
0
0
0
0
17515
17166.9605709198
77.76000296630868
0
0
0
0
2059
0
0
2604.47998046875
2952.720112637335
0
0
0
0
847.0000027465819
787.0000021972655
481.12000469665537
337
458.32000703125027
425.560003378296
85
106
0
127
298.1200033233643
399.60001524353083
232
612.9999956054687
0
525.999996154785
163207.29977338307
93061.91994674383
56721
0
0
undefined
undefined
undefined
4852
9577
0
0
3487.8399559722875
0
337
0
0
0
379
322.5600123046879
